,computationTime,networkTime,plt,protocol,timestamp
0,616.0,497.0,1116.0,http2,1527405665.0
0,593.0,461.0,1056.0,http2,1527405725.0
0,2755.0,475.0,3232.0,http2,1527405787.0
0,1342.0,491.0,1837.0,http2,1527405846.0
0,929.0,468.0,1400.0,http2,1527405906.0
0,797.0,466.0,1267.0,http2,1527405966.0
0,711.0,460.0,1174.0,http2,1527406025.0
0,691.0,487.0,1182.0,http2,1527406085.0
0,700.0,460.0,1163.0,http2,1527406145.0
0,669.0,465.0,1137.0,http2,1527406205.0
0,702.0,465.0,1171.0,http2,1527406265.0
0,708.0,509.0,1220.0,http2,1527406325.0
0,652.0,501.0,1156.0,http2,1527406385.0
0,685.0,466.0,1154.0,http2,1527406445.0
0,666.0,464.0,1136.0,http2,1527406505.0
0,680.0,528.0,1212.0,http2,1527406566.0
0,640.0,493.0,1137.0,http2,1527406626.0
0,760.0,483.0,1247.0,http2,1527406685.0
0,658.0,469.0,1131.0,http2,1527406745.0
0,675.0,466.0,1145.0,http2,1527406805.0
0,718.0,505.0,1226.0,http2,1527406866.0
0,744.0,465.0,1215.0,http2,1527406926.0
0,699.0,468.0,1172.0,http2,1527406986.0
0,929.0,491.0,1424.0,http2,1527407046.0
0,692.0,484.0,1181.0,http2,1527407105.0
0,649.0,464.0,1116.0,http2,1527407165.0
0,644.0,469.0,1118.0,http2,1527407225.0
0,638.0,507.0,1147.0,http2,1527407285.0
0,639.0,475.0,1116.0,http2,1527407345.0
0,649.0,469.0,1125.0,http2,1527407405.0
0,964.0,488.0,1455.0,http2,1527407466.0
0,638.0,518.0,1160.0,http2,1527407526.0
0,643.0,463.0,1109.0,http2,1527407585.0
